# oST version 5.0 parameters


[image]

width
640

height
480

[narrow_stereo/left]

camera matrix
622.357343 0.000000 363.743023
0.000000 618.365885 97.829789
0.000000 0.000000 1.000000

distortion
-0.474273 0.181814 0.025612 0.005316 0.000000

rectification
0.999083 -0.002978 -0.042721
0.002922 0.999995 -0.001372
0.042724 0.001246 0.999086

projection
581.841380 0.000000 404.563034 -53.05
0.000000 581.841380 76.908051 0.000000
0.000000 0.000000 1.000000 0.000000
# oST version 5.0 parameters


[image]

width
640

height
480

[narrow_stereo/right]

camera matrix
605.354477 0.000000 355.927628
0.000000 602.610767 115.504513
0.000000 0.000000 1.000000

distortion
-0.481129 0.217083 0.026678 -0.005417 0.000000

rectification
0.999949 -0.010111 0.000722
0.010110 0.999948 0.001313
-0.000735 -0.001306 0.999999

projection
581.841380 0.000000 404.563034 -144.328908
0.000000 581.841380 76.908051 0.000000
0.000000 0.000000 1.000000 0.000000
