# oST version 5.0 parameters


[image]

width
640

height
480

[narrow_stereo]

camera matrix
769.613060 0.000000 401.884539
0.000000 784.682111 236.799916
0.000000 0.000000 1.000000

distortion
-0.543646 0.271213 -0.001739 -0.016378 0.000000

rectification
1.000000 0.000000 0.000000
0.000000 1.000000 0.000000
0.000000 0.000000 1.000000

projection
683.208557 0.000000 410.796325 0.000000
0.000000 740.818115 235.442827 0.000000
0.000000 0.000000 1.000000 0.000000