# oST version 5.0 parameters


[image]

width
640

height
480

[narrow_stereo]

camera matrix
805.346378 0.000000 380.236984
0.000000 815.761138 242.395610
0.000000 0.000000 1.000000

distortion
-0.521797 0.258211 -0.018849 -0.008601 0.000000

rectification
1.000000 0.000000 0.000000
0.000000 1.000000 0.000000
0.000000 0.000000 1.000000

projection
727.825806 0.000000 387.207844 0.000000
0.000000 774.437012 237.261605 0.000000
0.000000 0.000000 1.000000 0.000000