image_width: 640
image_height: 480
camera_name: narrow_stereo/left
camera_matrix:
  rows: 3
  cols: 3
  data: [711.81166,   0.     , 369.35563,
           0.     , 720.24587, 217.17766,
           0.     ,   0.     ,   1.     ]
distortion_model: plumb_bob
distortion_coefficients:
  rows: 1
  cols: 5
  data: [-0.347620, -0.051508, 0.004000, -0.006056, 0.000000]
rectification_matrix:
  rows: 3
  cols: 3
  data: [ 0.99903456,  0.03367753, -0.0282096 ,
         -0.03410612,  0.99930785, -0.0148521 ,
          0.0276899 ,  0.01579988,  0.99949169]
projection_matrix:
  rows: 3
  cols: 4
  data: [730.98272,   0.     , 391.35531,   0.     ,
           0.     , 730.98272, 213.90743,   0.     ,
           0.     ,   0.     ,   1.     ,   0.     ]
