image_width: 640
image_height: 480
camera_name: narrow_stereo/right
camera_matrix:
  rows: 3
  cols: 3
  data: [687.89263,   0.     , 381.85606,
           0.     , 696.35738, 224.80187,
           0.     ,   0.     ,   1.     ]
distortion_model: plumb_bob
distortion_coefficients:
  rows: 1
  cols: 5
  data: [-0.413803, 0.189796, 0.005441, -0.006655, 0.000000]
rectification_matrix:
  rows: 3
  cols: 3
  data: [ 0.99816521,  0.03345398,  0.05046821,
         -0.03422406,  0.99930939,  0.01447232,
         -0.0499492 , -0.01617299,  0.9986208 ]
projection_matrix:
  rows: 3
  cols: 4
  data: [730.98272,   0.     , 391.35531, -65.4718 ,
           0.     , 730.98272, 213.90743,   0.     ,
           0.     ,   0.     ,   1.     ,   0.     ]
